Frame 0
0.959228
0.147374
-0.241170
-0.131351
0.987996
0.081310
0.250258
-0.046317
0.967071

1.211899
-0.196398
0.851630

Frame 1
0.960426
0.145193
-0.237699
-0.129775
0.988363
0.079360
0.246455
-0.045372
0.968092

1.197513
-0.190148
0.836156

Frame 2
0.961584
0.142153
-0.234838
-0.127225
0.988832
0.077621
0.243249
-0.044762
0.968930

1.183689
-0.181233
0.829015

Frame 3
0.962871
0.138704
-0.231606
-0.124396
0.989367
0.075351
0.239595
-0.043743
0.969887

1.163720
-0.171831
0.815169

Frame 4
0.963970
0.137391
-0.227785
-0.123329
0.989533
0.074931
0.235696
-0.044139
0.970824

1.139661
-0.173388
0.797123

Frame 5
0.965165
0.134626
-0.224349
-0.121025
0.989934
0.073377
0.231969
-0.043669
0.971743

1.124095
-0.168911
0.781116

Frame 6
0.966500
0.132410
-0.219875
-0.119248
0.990239
0.072153
0.227283
-0.043517
0.972856

1.105406
-0.164628
0.765624

Frame 7
0.967883
0.131533
-0.214247
-0.118539
0.990302
0.072465
0.221700
-0.044742
0.974088

1.078585
-0.171574
0.750843

Frame 8
0.969338
0.128689
-0.209339
-0.116325
0.990714
0.070390
0.216454
-0.043881
0.975306

1.051735
-0.166076
0.730152

Frame 9
0.970598
0.126405
-0.204842
-0.114586
0.991041
0.068616
0.211680
-0.043126
0.976387

1.033972
-0.163841
0.699124

Frame 10
0.971944
0.124281
-0.199698
-0.113029
0.991341
0.066837
0.206275
-0.042391
0.977575

1.008918
-0.156356
0.687870

Frame 11
0.973290
0.122001
-0.194481
-0.111319
0.991658
0.064985
0.200786
-0.041600
0.978751

0.981380
-0.152684
0.672295

Frame 12
0.974633
0.119497
-0.189236
-0.109377
0.991997
0.063084
0.195260
-0.040785
0.979903

0.952068
-0.149221
0.646240

Frame 13
0.975934
0.116128
-0.184573
-0.106595
0.992442
0.060792
0.190238
-0.039654
0.980937

0.929355
-0.139304
0.619582

Frame 14
0.977139
0.114402
-0.179197
-0.105162
0.992627
0.060268
0.184770
-0.040046
0.981965

0.903778
-0.141508
0.596907

Frame 15
0.978442
0.111058
-0.174121
-0.102344
0.993041
0.058277
0.179381
-0.039200
0.982998

0.876393
-0.135680
0.573964

Frame 16
0.979688
0.105879
-0.170299
-0.097693
0.993652
0.055776
0.175124
-0.038006
0.983813

0.855362
-0.125652
0.535974

Frame 17
0.981048
0.101522
-0.165040
-0.093847
0.994139
0.053676
0.169522
-0.037171
0.984825

0.822307
-0.115645
0.505305

Frame 18
0.982173
0.099552
-0.159456
-0.092017
0.994293
0.053980
0.163920
-0.038345
0.985728

0.791949
-0.126149
0.470309

Frame 19
0.983633
0.095321
-0.152908
-0.088466
0.994771
0.051037
0.156973
-0.036674
0.986922

0.751923
-0.109105
0.462692

Frame 20
0.984483
0.092710
-0.148987
-0.086213
0.995046
0.049505
0.152839
-0.035892
0.987599

0.730971
-0.104573
0.450820

Frame 21
0.985502
0.087998
-0.145057
-0.082013
0.995534
0.046745
0.148523
-0.034170
0.988318

0.709438
-0.093654
0.434791

Frame 22
0.986473
0.084741
-0.140324
-0.079088
0.995833
0.045397
0.143586
-0.033685
0.989064

0.678585
-0.094909
0.416730

Frame 23
0.987364
0.081331
-0.136009
-0.076229
0.996192
0.042312
0.138932
-0.031410
0.989804

0.649644
-0.088702
0.391803

Frame 24
0.988300
0.077988
-0.131076
-0.073136
0.996461
0.041436
0.133844
-0.031365
0.990506

0.614795
-0.097569
0.371670

Frame 25
0.989101
0.074216
-0.127164
-0.069924
0.996832
0.037900
0.129574
-0.028595
0.991157

0.590743
-0.088479
0.344596

Frame 26
0.990320
0.070443
-0.119601
-0.066692
0.997157
0.035085
0.121732
-0.026769
0.992202

0.547543
-0.080897
0.342444

Frame 27
0.991169
0.067888
-0.113912
-0.064377
0.997338
0.034227
0.115932
-0.026592
0.992901

0.525045
-0.091073
0.326390

Frame 28
0.991968
0.065474
-0.108221
-0.062260
0.997520
0.032824
0.110102
-0.025822
0.993585

0.507717
-0.099307
0.299892

Frame 29
0.992814
0.061696
-0.102539
-0.058606
0.997740
0.032874
0.104335
-0.026628
0.994186

0.489923
-0.111285
0.280160

Frame 30
0.993426
0.059310
-0.097915
-0.056713
0.997966
0.029099
0.099441
-0.023355
0.994769

0.472338
-0.096587
0.276854

Frame 31
0.994130
0.056715
-0.092132
-0.054421
0.998147
0.027227
0.093505
-0.022053
0.995375

0.445832
-0.098984
0.272916

Frame 32
0.994654
0.053790
-0.088145
-0.051802
0.998352
0.024680
0.089327
-0.019982
0.995802

0.432967
-0.097132
0.251098

Frame 33
0.995036
0.051206
-0.085333
-0.049423
0.998516
0.022874
0.086377
-0.018544
0.996090

0.422612
-0.097985
0.230716

Frame 34
0.995375
0.048467
-0.082941
-0.046928
0.998690
0.020406
0.083821
-0.016419
0.996346

0.409885
-0.087914
0.221042

Frame 35
0.995743
0.046515
-0.079577
-0.045179
0.998807
0.018516
0.080344
-0.014842
0.996657

0.387312
-0.082628
0.210688

Frame 36
0.996330
0.045655
-0.072402
-0.044388
0.998833
0.019018
0.073186
-0.015734
0.997194

0.345850
-0.092136
0.185724

Frame 37
0.996948
0.041051
-0.066397
-0.039839
0.999016
0.019477
0.067131
-0.016772
0.997603

0.317990
-0.091631
0.163139

Frame 38
0.997275
0.039690
-0.062195
-0.038946
0.999155
0.013124
0.062664
-0.010666
0.997978

0.305564
-0.047829
0.187821

Frame 39
0.997662
0.039245
-0.055950
-0.038508
0.999157
0.014194
0.056460
-0.012007
0.998333

0.283231
-0.050987
0.183053

Frame 40
0.998002
0.038657
-0.049971
-0.038030
0.999186
0.013426
0.050449
-0.011499
0.998660

0.257591
-0.045528
0.157880

Frame 41
0.998374
0.034489
-0.045376
-0.034004
0.999357
0.011407
0.045740
-0.009846
0.998905

0.235264
-0.021030
0.158000

Frame 42
0.998499
0.034260
-0.042732
-0.033810
0.999365
0.011218
0.043090
-0.009757
0.999024

0.223889
-0.020277
0.148705

Frame 43
0.998629
0.033883
-0.039910
-0.033378
0.999355
0.013244
0.040333
-0.011894
0.999115

0.209337
-0.036820
0.125789

Frame 44
0.998901
0.031244
-0.034939
-0.030918
0.999474
0.009817
0.035228
-0.008725
0.999341

0.172082
-0.015084
0.103939

Frame 45
0.999058
0.029164
-0.032139
-0.028927
0.999551
0.007801
0.032352
-0.006864
0.999453

0.146258
-0.000890
0.091642

Frame 46
0.999223
0.027077
-0.028644
-0.026852
0.999606
0.008206
0.028855
-0.007431
0.999556

0.119730
-0.003840
0.082141

Frame 47
0.999384
0.023676
-0.025895
-0.023487
0.999696
0.007561
0.026066
-0.006948
0.999636

0.104207
-0.000981
0.065234

Frame 48
0.999571
0.020299
-0.021114
-0.020156
0.999773
0.006946
0.021250
-0.006517
0.999753

0.073890
-0.003212
0.045039

Frame 49
0.999753
0.014264
-0.017019
-0.014212
0.999894
0.003201
0.017062
-0.002959
0.999850

0.047799
0.003435
0.034300

Frame 50
0.999904
0.008521
-0.010906
-0.008539
0.999962
-0.001624
0.010892
0.001717
0.999939

0.008838
0.013925
0.037001

Frame 51
0.999968
0.005384
-0.005888
-0.005392
0.999985
-0.001236
0.005881
0.001268
0.999982

-0.010830
-0.012026
0.018254

Frame 52
0.999999
-0.000598
-0.000985
0.000591
0.999976
-0.006895
0.000989
0.006894
0.999976

-0.040025
0.009896
0.001703

Frame 53
0.999974
-0.005835
0.004155
0.005872
0.999943
-0.008866
-0.004103
0.008891
0.999952

-0.070407
0.009982
-0.000343

Frame 54
0.999853
-0.013008
0.011197
0.013196
0.999771
-0.016864
-0.010975
0.017009
0.999795

-0.112373
0.055545
0.011581

Frame 55
0.999770
-0.012910
0.017119
0.013092
0.999859
-0.010555
-0.016980
0.010777
0.999798

-0.128071
-0.000631
-0.009102

Frame 56
0.999500
-0.018170
0.025891
0.018641
0.999662
-0.018095
-0.025553
0.018569
0.999501

-0.182669
0.052636
-0.003745

Frame 57
0.999364
-0.019570
0.029801
0.020003
0.999698
-0.014294
-0.029513
0.014881
0.999454

-0.208493
0.029059
-0.015254

Frame 58
0.999139
-0.022337
0.034974
0.022897
0.999615
-0.015700
-0.034610
0.016487
0.999265

-0.243344
0.037470
-0.014156

Frame 59
0.998874
-0.024246
0.040785
0.024880
0.999576
-0.015104
-0.040401
0.016102
0.999054

-0.281260
0.033270
-0.015755

Frame 60
0.998570
-0.026703
0.046308
0.027512
0.999478
-0.016921
-0.045832
0.018171
0.998784

-0.321088
0.044555
-0.019224

Frame 61
0.998261
-0.028653
0.051519
0.029560
0.999420
-0.016930
-0.051004
0.018423
0.998528

-0.359892
0.042117
-0.021198

Frame 62
0.998027
-0.030244
0.055029
0.031218
0.999369
-0.016921
-0.054482
0.018605
0.998341

-0.391323
0.037901
-0.027049

Frame 63
0.997713
-0.031673
0.059711
0.032740
0.999320
-0.016976
-0.059132
0.018892
0.998071

-0.435818
0.033941
-0.024284

Frame 64
0.997383
-0.033434
0.064112
0.034638
0.999242
-0.017761
-0.063470
0.019935
0.997785

-0.476948
0.039765
-0.019980

Frame 65
0.997104
-0.034589
0.067735
0.035924
0.999182
-0.018593
-0.067036
0.020972
0.997530

-0.510404
0.044610
-0.014670

Frame 66
0.996702
-0.036415
0.072523
0.038004
0.999064
-0.020645
-0.071704
0.023333
0.997153

-0.553811
0.055696
-0.008915

Frame 67
0.996337
-0.037275
0.076961
0.039007
0.999016
-0.021121
-0.076098
0.024045
0.996810

-0.590160
0.057470
-0.007128

Frame 68
0.995913
-0.038605
0.081652
0.040566
0.998924
-0.022495
-0.080696
0.025715
0.996407

-0.622056
0.065333
-0.001872

Frame 69
0.995388
-0.040142
0.087126
0.042401
0.998807
-0.024236
-0.086049
0.027818
0.995902

-0.661595
0.078834
0.009394

Frame 70
0.994869
-0.041260
0.092380
0.043842
0.998697
-0.026100
-0.091183
0.030017
0.995382

-0.700952
0.086640
0.018337

Frame 71
0.994331
-0.042114
0.097630
0.044929
0.998630
-0.026813
-0.096367
0.031048
0.994861

-0.739916
0.085865
0.016531

Frame 72
0.993700
-0.043496
0.103292
0.046686
0.998498
-0.028667
-0.101890
0.033309
0.994238

-0.782189
0.100174
0.024864

Frame 73
0.993335
-0.043813
0.106608
0.046975
0.998522
-0.027337
-0.105253
0.032162
0.993925

-0.799940
0.087469
0.036080

Frame 74
0.992852
-0.043902
0.110988
0.047086
0.998546
-0.026230
-0.109675
0.031269
0.993476

-0.823668
0.072814
0.046009

Frame 75
0.992396
-0.045056
0.114541
0.048650
0.998401
-0.028777
-0.113061
0.034131
0.993002

-0.840280
0.080392
0.037887

Frame 76
0.992531
-0.046996
0.112575
0.050164
0.998416
-0.025469
-0.111199
0.030926
0.993317

-0.830646
0.041032
-0.013748

Frame 77
0.992219
-0.047549
0.115068
0.051233
0.998258
-0.029270
-0.113476
0.034937
0.992926

-0.864531
0.041755
-0.031091

Frame 78
0.991616
-0.047864
0.120028
0.052015
0.998143
-0.031696
-0.118288
0.037673
0.992264

-0.918877
0.039728
-0.020810

Frame 79
0.991526
-0.049108
0.120273
0.053555
0.997985
-0.034027
-0.118359
0.040179
0.992158

-0.938438
0.038733
-0.014797

Frame 80
0.991214
-0.051537
0.121814
0.056551
0.997674
-0.038070
-0.119568
0.044624
0.991823

-0.962225
0.055592
-0.012148

Frame 81
0.990956
-0.051954
0.123721
0.056892
0.997705
-0.036718
-0.121529
0.043424
0.991637

-0.984523
0.040720
-0.033679

Frame 82
0.990239
-0.055703
0.127765
0.061457
0.997245
-0.041545
-0.125099
0.048992
0.990934

-1.022328
0.073489
-0.033848

Frame 83
0.989824
-0.057754
0.130053
0.063857
0.997021
-0.043251
-0.127167
0.051115
0.990563

-1.050138
0.085429
-0.043831

Frame 84
0.989190
-0.060212
0.133709
0.066627
0.996806
-0.044025
-0.130631
0.052457
0.990042

-1.089971
0.095899
-0.041344

Frame 85
0.988750
-0.061974
0.136136
0.068620
0.996642
-0.044680
-0.132910
0.053519
0.989682

-1.122049
0.103803
-0.062216

Frame 86
0.988006
-0.064412
0.140341
0.071469
0.996389
-0.045834
-0.136882
0.055315
0.989042

-1.164938
0.117892
-0.064796

Frame 87
0.987173
-0.067178
0.144833
0.074734
0.996078
-0.047375
-0.141083
0.057591
0.988321

-1.207889
0.134539
-0.057161

Frame 88
0.986389
-0.069857
0.148848
0.077524
0.995913
-0.046339
-0.145003
0.057248
0.987774

-1.246667
0.134987
-0.059950

Frame 89
0.985298
-0.074315
0.153832
0.082718
0.995370
-0.048953
-0.149482
0.060958
0.986884

-1.290328
0.157484
-0.053815

Frame 90
0.984261
-0.078094
0.158527
0.086829
0.995021
-0.048931
-0.153916
0.061926
0.986141

-1.332764
0.161969
-0.044687

Frame 91
0.983172
-0.082161
0.163166
0.091402
0.994561
-0.049949
-0.158174
0.064022
0.985333

-1.373963
0.174690
-0.033087

Frame 92
0.981913
-0.086067
0.168640
0.095745
0.994144
-0.050106
-0.163340
0.065346
0.984403

-1.421533
0.184121
-0.021920

Frame 93
0.980867
-0.088958
0.173166
0.099096
0.993781
-0.050789
-0.167571
0.066977
0.983582

-1.461881
0.195782
-0.014171

Frame 94
0.979798
-0.091634
0.177761
0.101811
0.993597
-0.048985
-0.172134
0.066093
0.982854

-1.496154
0.185678
-0.008598

Frame 95
0.978485
-0.095142
0.183070
0.105789
0.993167
-0.049279
-0.177131
0.067585
0.981864

-1.528571
0.188623
-0.003375

Frame 96
0.977013
-0.098945
0.188826
0.109998
0.992726
-0.048954
-0.182609
0.068599
0.980790

-1.557597
0.183951
0.001113

Frame 97
0.975130
-0.102987
0.196252
0.114902
0.992103
-0.050297
-0.189522
0.071595
0.979263

-1.597212
0.187691
0.018369

Frame 98
0.973379
-0.106594
0.202908
0.119110
0.991598
-0.050468
-0.195823
0.073293
0.977896

-1.630830
0.185491
0.023056

Frame 99
0.972054
-0.110158
0.207308
0.123056
0.991122
-0.050346
-0.199922
0.074449
0.976979

-1.651768
0.181698
0.018697

Frame 100
0.970480
-0.114729
0.212147
0.128319
0.990400
-0.051394
-0.204214
0.077100
0.975885

-1.693956
0.182346
0.023625

Frame 101
0.968626
-0.116091
0.219744
0.130246
0.990168
-0.051015
-0.211661
0.078035
0.974223

-1.755166
0.178790
0.043871

Frame 102
0.968411
-0.118867
0.219206
0.132604
0.989957
-0.049005
-0.211180
0.076525
0.974447

-1.748113
0.165799
0.015323

Frame 103
0.966282
-0.121396
0.227073
0.136270
0.989360
-0.050959
-0.218471
0.080184
0.972544

-1.799361
0.181783
0.041390

Frame 104
0.964626
-0.124005
0.232636
0.139460
0.988906
-0.051141
-0.223714
0.081775
0.971218

-1.834725
0.182372
0.057817

Frame 105
0.962872
-0.126862
0.238293
0.143057
0.988354
-0.051873
-0.228937
0.084037
0.969807

-1.872467
0.186775
0.072777

Frame 106
0.961700
-0.129345
0.241668
0.145487
0.988090
-0.050108
-0.232309
0.083349
0.969064

-1.892926
0.176275
0.079479

Frame 107
0.959988
-0.132124
0.246912
0.149122
0.987483
-0.051375
-0.237034
0.086140
0.967675

-1.924103
0.184563
0.100957

Frame 108
0.959088
-0.134451
0.249143
0.151343
0.987224
-0.049844
-0.239259
0.085511
0.967183

-1.936366
0.168370
0.101386

Frame 109
0.957267
-0.137128
0.254629
0.155039
0.986562
-0.051560
-0.244137
0.088834
0.965663

-1.980356
0.177845
0.119389

Frame 110
0.955673
-0.139402
0.259337
0.158005
0.986057
-0.052218
-0.248441
0.090880
0.964374

-2.022541
0.182133
0.133072

Frame 111
0.954651
-0.140704
0.262381
0.159505
0.985843
-0.051681
-0.251395
0.091189
0.963579

-2.049710
0.177008
0.141508

Frame 112
0.953672
-0.141486
0.265501
0.160597
0.985671
-0.051596
-0.254396
0.091844
0.962729

-2.078294
0.174771
0.151754

Frame 113
0.952445
-0.141599
0.269811
0.161245
0.985545
-0.051980
-0.258550
0.093014
0.961509

-2.115188
0.175219
0.169714

Frame 114
0.951223
-0.142749
0.273493
0.162809
0.985287
-0.051991
-0.262047
0.093982
0.960468

-2.147115
0.177197
0.193625

Frame 115
0.949964
-0.143885
0.277247
0.164329
0.985042
-0.051845
-0.265641
0.094810
0.959399

-2.178565
0.172538
0.215008

Frame 116
0.948719
-0.145507
0.280643
0.166148
0.984777
-0.051080
-0.268939
0.095088
0.958452

-2.204777
0.162064
0.230879

Frame 117
0.947393
-0.147746
0.283932
0.168833
0.984317
-0.051148
-0.271923
0.096394
0.957479

-2.228219
0.159263
0.248518

Frame 118
0.945929
-0.150093
0.287561
0.171772
0.983787
-0.051556
-0.275160
0.098163
0.956374

-2.255428
0.159681
0.266541

Frame 119
0.944437
-0.151931
0.291472
0.173928
0.983440
-0.050945
-0.278905
0.098809
0.955222

-2.288309
0.152329
0.280029

Frame 120
0.943496
-0.154020
0.293415
0.175941
0.983147
-0.049673
-0.280819
0.098490
0.954694

-2.301952
0.138868
0.286879

Frame 121
0.941902
-0.156217
0.297349
0.178555
0.982693
-0.049330
-0.284496
0.099558
0.953494

-2.328585
0.135346
0.318033

Frame 122
0.940120
-0.158531
0.301733
0.181540
0.982131
-0.049616
-0.288475
0.101422
0.952101

-2.359378
0.132774
0.347995

Frame 123
0.938541
-0.161097
0.305268
0.184265
0.981681
-0.048463
-0.291869
0.101735
0.951032

-2.386037
0.123045
0.365730

Frame 124
0.937458
-0.163567
0.307276
0.186719
0.981274
-0.047310
-0.293783
0.101725
0.950444

-2.396860
0.112459
0.376734

Frame 125
0.935572
-0.165660
0.311868
0.189367
0.980776
-0.047110
-0.298068
0.103132
0.948957

-2.425543
0.107248
0.409931

Frame 126
0.934326
-0.167994
0.314346
0.191973
0.980288
-0.046707
-0.300303
0.103985
0.948159

-2.444809
0.101228
0.428071

Frame 127
0.931922
-0.169442
0.320641
0.194269
0.979829
-0.046842
-0.306236
0.105944
0.946042

-2.500437
0.098017
0.449555

Frame 128
0.930444
-0.170358
0.324425
0.195263
0.979692
-0.045568
-0.310073
0.105747
0.944813

-2.533033
0.088076
0.468726

Frame 129
0.929322
-0.171200
0.327188
0.196049
0.979594
-0.044274
-0.312932
0.105290
0.943922

-2.555668
0.076621
0.487053

Frame 130
0.927379
-0.172489
0.331987
0.198210
0.979128
-0.044963
-0.317302
0.107501
0.942212

-2.596474
0.075802
0.510705

Frame 131
0.926290
-0.174056
0.334204
0.199710
0.978879
-0.043713
-0.319536
0.107235
0.941487

-2.616451
0.065892
0.521506

Frame 132
0.925641
-0.174902
0.335557
0.199451
0.979097
-0.039855
-0.321572
0.103818
0.941177

-2.625456
0.034567
0.533944

Frame 133
0.923179
-0.176145
0.341634
0.202097
0.978481
-0.041616
-0.326952
0.107462
0.938911

-2.665846
0.040294
0.562175

Frame 134
0.921019
-0.177497
0.346725
0.204196
0.978040
-0.041733
-0.331703
0.109236
0.937038

-2.703895
0.039696
0.578607

Frame 135
0.919818
-0.178679
0.349298
0.205579
0.977773
-0.041189
-0.334174
0.109694
0.936106

-2.724126
0.033369
0.585257

Frame 136
0.919294
-0.179281
0.350367
0.205678
0.977830
-0.039307
-0.335553
0.108198
0.935787

-2.730248
0.018934
0.598014

Frame 137
0.919109
-0.180667
0.350140
0.206987
0.977569
-0.038924
-0.335253
0.108250
0.935888

-2.746025
0.013131
0.593607

Frame 138
0.916071
-0.182047
0.357314
0.210734
0.976610
-0.042705
-0.341182
0.114419
0.933008

-2.819665
0.039487
0.622367

Frame 139
0.914667
-0.182468
0.360679
0.211812
0.976355
-0.043209
-0.344267
0.115918
0.931688

-2.862008
0.043317
0.624114

Frame 140
0.913938
-0.182519
0.362497
0.211992
0.976330
-0.042893
-0.346088
0.116048
0.930997

-2.890170
0.041036
0.620250

Frame 141
0.912681
-0.183001
0.365409
0.213604
0.975894
-0.044778
-0.348406
0.118921
0.929769

-2.927069
0.055132
0.623017

Frame 142
0.911896
-0.183118
0.367305
0.213918
0.975833
-0.044591
-0.350263
0.119236
0.929031

-2.954389
0.057824
0.622939

Frame 143
0.911085
-0.183600
0.369074
0.214760
0.975638
-0.044808
-0.351856
0.120087
0.928319

-2.979921
0.060655
0.618313

Frame 144
0.911121
-0.183569
0.369001
0.213796
0.975959
-0.042381
-0.352350
0.117505
0.928462

-2.984481
0.042947
0.599647

Frame 145
0.908291
-0.184800
0.375308
0.217929
0.974812
-0.047422
-0.357091
0.124863
0.925686

-3.038348
0.081166
0.621959

Frame 146
0.907385
-0.185493
0.377152
0.218843
0.974620
-0.047167
-0.358831
0.125335
0.924949

-3.062356
0.081349
0.615645

Frame 147
0.906503
-0.185925
0.379056
0.219406
0.974515
-0.046708
-0.360711
0.125508
0.924194

-3.085910
0.076570
0.603580

Frame 148
0.905223
-0.187050
0.381554
0.221347
0.974031
-0.047636
-0.362735
0.127577
0.923118

-3.114630
0.084671
0.591413

Frame 149
0.902353
-0.188458
0.387612
0.224684
0.973153
-0.049910
-0.367800
0.132127
0.920470

-3.179977
0.103974
0.592628

Frame 150
0.900940
-0.190227
0.390026
0.226602
0.972754
-0.048997
-0.370079
0.132524
0.919499

-3.207549
0.099225
0.585654

Frame 151
0.899377
-0.192335
0.392592
0.229101
0.972191
-0.048554
-0.372335
0.133611
0.918430

-3.230774
0.094695
0.577004

Frame 152
0.898760
-0.195253
0.392565
0.231968
0.971545
-0.047857
-0.372050
0.134074
0.918478

-3.240223
0.090700
0.545634

Frame 153
0.893402
-0.198710
0.402923
0.239138
0.969589
-0.052068
-0.380323
0.142871
0.913752

-3.336590
0.122073
0.570693

Frame 154
0.892164
-0.201380
0.404339
0.241573
0.969074
-0.050380
-0.381689
0.142624
0.913221

-3.358943
0.110968
0.550666

Frame 155
0.890471
-0.204267
0.406616
0.245159
0.968165
-0.050523
-0.383351
0.144675
0.912201

-3.380705
0.113092
0.542482

Frame 156
0.888579
-0.206841
0.409444
0.248560
0.967284
-0.050780
-0.385545
0.146893
0.910921

-3.410037
0.115632
0.527104

Frame 157
0.884965
-0.209215
0.416013
0.253516
0.965847
-0.053564
-0.390598
0.152868
0.907780

-3.474002
0.138189
0.533431

Frame 158
0.884126
-0.211275
0.416755
0.255798
0.965259
-0.053321
-0.391011
0.153747
0.907454

-3.491503
0.141645
0.520187

Frame 159
0.882618
-0.213272
0.418929
0.258161
0.964658
-0.052809
-0.392860
0.154761
0.906482

-3.515713
0.142195
0.508953

Frame 160
0.880240
-0.215828
0.422606
0.261930
0.963606
-0.053450
-0.395690
0.157742
0.904736

-3.546058
0.149174
0.514151

Frame 161
0.877892
-0.218570
0.426066
0.265215
0.962755
-0.052577
-0.398706
0.159157
0.903163

-3.574881
0.144117
0.512812

Frame 162
0.875635
-0.221367
0.429255
0.268701
0.961813
-0.052115
-0.401326
0.160975
0.901679

-3.608700
0.146208
0.506866

Frame 163
0.872312
-0.223793
0.434728
0.273841
0.960191
-0.055186
-0.405072
0.167185
0.898869

-3.660472
0.168349
0.524945

Frame 164
0.870406
-0.225603
0.437603
0.276677
0.959345
-0.055734
-0.407239
0.169586
0.897439

-3.700616
0.179222
0.526845

Frame 165
0.869577
-0.229010
0.437482
0.280169
0.958362
-0.055211
-0.406622
0.170579
0.897531

-3.714971
0.185610
0.512640

Frame 166
0.867078
-0.231801
0.440958
0.283303
0.957524
-0.053726
-0.409774
0.171509
0.895918

-3.752919
0.184272
0.511892

Frame 167
0.865270
-0.235234
0.442688
0.286136
0.956840
-0.050834
-0.411624
0.170654
0.895233

-3.772866
0.168787
0.511610

Frame 168
0.862094
-0.238430
0.447153
0.290440
0.955563
-0.050435
-0.415257
0.173351
0.893035

-3.809770
0.170700
0.524595

Frame 169
0.858497
-0.242369
0.451930
0.295194
0.954178
-0.049034
-0.419337
0.175502
0.890705

-3.841546
0.163537
0.532015

Frame 170
0.856982
-0.245798
0.452952
0.297348
0.953706
-0.045044
-0.420911
0.173286
0.890396

-3.841457
0.136135
0.526710

Frame 171
0.853371
-0.249414
0.457767
0.301187
0.952620
-0.042439
-0.425493
0.174090
0.888059

-3.869180
0.117061
0.543707

Frame 172
0.849447
-0.252654
0.463255
0.305901
0.951128
-0.042180
-0.429958
0.177540
0.885221

-3.903918
0.114223
0.551446

Frame 173
0.846521
-0.256384
0.466549
0.310670
0.949596
-0.041854
-0.432303
0.180373
0.883504

-3.923305
0.112084
0.560854

Frame 174
0.843627
-0.259585
0.470009
0.314316
0.948461
-0.040339
-0.435314
0.181762
0.881739

-3.937774
0.101257
0.574196

Frame 175
0.839993
-0.262773
0.474724
0.317786
0.947405
-0.037887
-0.439800
0.182686
0.879319

-3.962764
0.084481
0.595915

Frame 176
0.835764
-0.265981
0.480367
0.322162
0.945972
-0.036724
-0.444645
0.185449
0.876299

-3.997343
0.078359
0.611843

Frame 177
0.835639
-0.270254
0.478195
0.324026
0.945511
-0.031872
-0.443525
0.181581
0.877675

-3.975138
0.049307
0.580575

Frame 178
0.829761
-0.272092
0.487301
0.326262
0.944866
-0.027968
-0.452824
0.182195
0.872786

-4.028081
0.025995
0.622808

Frame 179
0.825608
-0.274368
0.493045
0.328332
0.944249
-0.024342
-0.458878
0.181979
0.869663

-4.055463
0.000502
0.647472

Frame 180
0.822929
-0.276495
0.496325
0.331678
0.943073
-0.024566
-0.461278
0.184836
0.867789

-4.063731
0.000543
0.662560

Frame 181
0.819141
-0.278253
0.501580
0.333083
0.942663
-0.021019
-0.466972
0.184285
0.864856

-4.087391
-0.025826
0.678391

Frame 182
0.815979
-0.280256
0.505604
0.336471
0.941456
-0.021172
-0.470070
0.187397
0.862506

-4.106792
-0.024965
0.694371

Frame 183
0.812892
-0.282416
0.509360
0.338330
0.940850
-0.018288
-0.474067
0.187198
0.860359

-4.128285
-0.044439
0.710042

Frame 184
0.811260
-0.285325
0.510339
0.344315
0.938582
-0.022590
-0.472550
0.194044
0.859676

-4.127761
-0.014641
0.720903

Frame 185
0.807654
-0.288663
0.514167
0.347809
0.937350
-0.020092
-0.476155
0.195059
0.857455

-4.141706
-0.028412
0.738922

Frame 186
0.801780
-0.290453
0.522289
0.349554
0.936786
-0.015649
-0.484727
0.195116
0.852625

-4.184587
-0.055420
0.780747

Frame 187
0.795668
-0.292886
0.530216
0.354491
0.934930
-0.015521
-0.491170
0.200307
0.847720

-4.232060
-0.054226
0.818916

Frame 188
0.791264
-0.296012
0.535050
0.356868
0.934090
-0.010982
-0.496534
0.199632
0.844749

-4.257212
-0.080697
0.817498

Frame 189
0.789746
-0.298416
0.535957
0.361379
0.932323
-0.013392
-0.495688
0.204260
0.844139

-4.249852
-0.055544
0.832017

Frame 190
0.784532
-0.299931
0.542726
0.366495
0.930288
-0.015671
-0.500191
0.211201
0.839764

-4.279678
-0.033810
0.895696

Frame 191
0.774038
-0.300489
0.557289
0.366731
0.930295
-0.007754
-0.516113
0.210377
0.830282

-4.366393
-0.080621
0.978145

Frame 192
0.767612
-0.303502
0.564498
0.371866
0.928263
-0.006589
-0.522003
0.214975
0.825408

-4.402216
-0.084498
1.020270

Frame 193
0.760692
-0.306650
0.572113
0.376384
0.926456
-0.003872
-0.528850
0.218280
0.820165

-4.449543
-0.095810
1.069091

Frame 194
0.754181
-0.310822
0.578446
0.382282
0.924044
-0.001895
-0.533921
0.222559
0.815718

-4.494677
-0.102604
1.099027

Frame 195
0.749057
-0.316122
0.582221
0.385119
0.922850
0.005594
-0.539071
0.220034
0.813012

-4.525040
-0.147830
1.118988

Frame 196
0.743512
-0.320327
0.587010
0.389502
0.920980
0.009226
-0.543579
0.221781
0.809527

-4.566771
-0.169554
1.137271

Frame 197
0.736980
-0.325523
0.592364
0.394445
0.918810
0.014174
-0.548884
0.223209
0.805546

-4.612875
-0.199485
1.178743

Frame 198
0.731624
-0.329709
0.596672
0.401109
0.915919
0.014290
-0.551215
0.228876
0.802358

-4.645313
-0.196601
1.214474

Frame 199
0.726318
-0.334119
0.600689
0.403707
0.914656
0.020617
-0.556312
0.227528
0.799217

-4.667332
-0.235985
1.246873

Frame 200
0.717757
-0.337546
0.609006
0.408520
0.912427
0.024250
-0.563858
0.231386
0.792795

-4.716023
-0.260131
1.309782

Frame 201
0.711798
-0.341724
0.613652
0.411970
0.910726
0.029297
-0.568881
0.231952
0.789033

-4.740014
-0.292668
1.345849

Frame 202
0.705222
-0.345288
0.619224
0.415671
0.908901
0.033417
-0.574352
0.233827
0.784503

-4.780521
-0.319287
1.380011

Frame 203
0.699913
-0.348493
0.623437
0.419033
0.907229
0.036694
-0.578388
0.235559
0.781012

-4.810542
-0.338608
1.410097

Frame 204
0.694111
-0.351143
0.628417
0.422072
0.905685
0.039878
-0.583151
0.237558
0.776854

-4.846450
-0.359371
1.451076

Frame 205
0.688776
-0.353551
0.632922
0.424843
0.904255
0.042783
-0.587449
0.239425
0.773033

-4.877511
-0.381942
1.487594

Frame 206
0.684812
-0.355739
0.635989
0.427184
0.903037
0.045133
-0.590378
0.240777
0.770377

-4.894384
-0.399225
1.511064

Frame 207
0.678631
-0.357277
0.641726
0.429147
0.901941
0.048323
-0.596064
0.242602
0.765410

-4.927608
-0.416113
1.562054

Frame 208
0.672944
-0.358815
0.646838
0.430890
0.900934
0.051487
-0.601232
0.244069
0.760888

-4.956824
-0.435831
1.609969

Frame 209
0.668965
-0.360521
0.650008
0.431645
0.900357
0.055141
-0.605118
0.243685
0.757924

-4.977118
-0.458990
1.635142

Frame 210
0.663240
-0.361472
0.655325
0.433453
0.899347
0.057384
-0.610108
0.245993
0.753164

-5.019071
-0.470630
1.672036

Frame 211
0.660238
-0.362698
0.657675
0.434487
0.898714
0.059447
-0.612623
0.246503
0.750953

-5.036987
-0.482597
1.701326

Frame 212
0.656370
-0.363264
0.661224
0.435258
0.898210
0.061396
-0.616221
0.247505
0.747672

-5.070234
-0.494943
1.728294

Frame 213
0.652594
-0.363815
0.664650
0.436333
0.897584
0.062901
-0.619464
0.248960
0.744502

-5.100031
-0.504660
1.758635

Frame 214
0.648971
-0.364086
0.668040
0.437769
0.896841
0.063512
-0.622250
0.251230
0.741410

-5.123220
-0.511194
1.794430

Frame 215
0.644984
-0.364823
0.671490
0.438487
0.896326
0.065799
-0.625879
0.252000
0.738086

-5.146574
-0.529688
1.829827

Frame 216
0.641270
-0.366046
0.674376
0.439398
0.895689
0.068345
-0.629048
0.252492
0.735218

-5.167904
-0.548272
1.851731

Frame 217
0.637696
-0.367152
0.677158
0.440597
0.894947
0.070315
-0.631837
0.253514
0.732470

-5.188602
-0.563262
1.873194

Frame 218
0.634239
-0.368425
0.679709
0.442126
0.894054
0.072058
-0.634244
0.254815
0.729934

-5.205412
-0.578336
1.896200

Frame 219
0.630417
-0.369538
0.682654
0.443493
0.893220
0.073966
-0.637093
0.256123
0.726989

-5.224172
-0.592101
1.922236

Frame 220
0.626921
-0.371025
0.685063
0.444720
0.892410
0.076347
-0.639684
0.256797
0.724472

-5.240178
-0.610006
1.941724

Frame 221
0.623805
-0.372427
0.687143
0.446163
0.891531
0.078166
-0.641721
0.257817
0.722305

-5.255021
-0.624854
1.959688

Frame 222
0.620615
-0.373661
0.689358
0.447407
0.890743
0.080029
-0.643944
0.258756
0.719987

-5.270331
-0.639145
1.980208

Frame 223
0.617527
-0.374399
0.691727
0.448538
0.890056
0.081322
-0.646123
0.260047
0.717566

-5.286800
-0.650065
2.000227

Frame 224
0.614427
-0.375554
0.693858
0.449508
0.889381
0.083332
-0.648399
0.260693
0.715274

-5.300707
-0.666078
2.020293

Frame 225
0.611193
-0.376361
0.696273
0.450658
0.888663
0.084765
-0.650654
0.261973
0.712755

-5.316509
-0.677335
2.040413

Frame 226
0.607659
-0.377370
0.698815
0.451405
0.888064
0.087045
-0.653440
0.262555
0.709987

-5.332748
-0.692949
2.062342

Frame 227
0.604824
-0.378458
0.700684
0.452428
0.887373
0.088762
-0.655360
0.263324
0.707929

-5.343090
-0.704197
2.078934

Frame 228
0.600688
-0.379641
0.703596
0.453287
0.886663
0.091429
-0.658563
0.264010
0.704694

-5.359493
-0.723027
2.103376

Frame 229
0.596576
-0.380295
0.706734
0.454304
0.885954
0.093242
-0.661593
0.265446
0.701308

-5.376261
-0.735577
2.127247

Frame 230
0.594224
-0.381267
0.708191
0.454812
0.885495
0.095101
-0.663358
0.265582
0.699587

-5.383089
-0.748091
2.136179

Frame 231
0.591233
-0.381914
0.710342
0.455393
0.885013
0.096793
-0.665628
0.266258
0.697170

-5.399786
-0.761909
2.146149

Frame 232
0.589265
-0.382313
0.711761
0.456238
0.884513
0.097387
-0.666794
0.267345
0.695638

-5.408357
-0.765338
2.150023

Frame 233
0.587926
-0.382307
0.712871
0.456815
0.884208
0.097444
-0.667580
0.268360
0.694492

-5.409988
-0.766467
2.156909

Frame 234
0.584422
-0.382430
0.715681
0.457584
0.883689
0.098546
-0.670126
0.269892
0.691441

-5.419723
-0.773124
2.183930

Frame 235
0.579695
-0.382586
0.719431
0.457777
0.883325
0.100881
-0.674087
0.270859
0.687199

-5.436963
-0.786941
2.208048

Frame 236
0.578910
-0.383510
0.719572
0.457749
0.883161
0.102429
-0.674781
0.270086
0.686822

-5.440176
-0.787988
2.197905

Frame 237
0.576499
-0.384680
0.720881
0.458851
0.882414
0.103928
-0.676095
0.270862
0.685222

-5.448901
-0.802093
2.199863

Frame 238
0.575270
-0.384905
0.721743
0.459856
0.881907
0.103790
-0.676459
0.272191
0.684335

-5.449379
-0.800264
2.197417

Frame 239
0.570123
-0.384697
0.725926
0.460683
0.881305
0.105230
-0.680244
0.274428
0.679675

-5.470672
-0.811436
2.214964

