Frame 0
0.966312
0.159893
-0.201682
-0.142462
0.984911
0.098258
0.214349
-0.066216
0.974510

0.942179
-0.305704
0.601110

Frame 1
0.967315
0.157150
-0.199011
-0.140340
0.985437
0.096015
0.211202
-0.064948
0.975282

0.932655
-0.296933
0.591976

Frame 2
0.968344
0.154582
-0.195995
-0.138199
0.985861
0.094760
0.207872
-0.064674
0.976016

0.918806
-0.292180
0.585014

Frame 3
0.969356
0.151893
-0.193072
-0.136038
0.986333
0.092959
0.204553
-0.063845
0.976771

0.901241
-0.285167
0.572641

Frame 4
0.970204
0.149799
-0.190434
-0.134300
0.986669
0.091911
0.201663
-0.063597
0.977388

0.885915
-0.283666
0.560635

Frame 5
0.971171
0.147132
-0.187559
-0.132153
0.987128
0.090079
0.198398
-0.062695
0.978114

0.873673
-0.276161
0.549556

Frame 6
0.972217
0.144719
-0.183983
-0.130220
0.987514
0.088649
0.194515
-0.062228
0.978924

0.860689
-0.270646
0.539970

Frame 7
0.973368
0.143012
-0.179170
-0.128945
0.987749
0.087898
0.189546
-0.062454
0.979884

0.839557
-0.271607
0.531004

Frame 8
0.974530
0.140109
-0.175100
-0.126641
0.988221
0.085913
0.185075
-0.061550
0.980795

0.819054
-0.266438
0.517733

Frame 9
0.975533
0.137540
-0.171517
-0.124722
0.988677
0.083446
0.181052
-0.060012
0.981641

0.806718
-0.258886
0.495876

Frame 10
0.976673
0.134563
-0.167342
-0.122324
0.989142
0.081458
0.176486
-0.059088
0.982528

0.788335
-0.250801
0.487854

Frame 11
0.977741
0.132004
-0.163089
-0.120322
0.989540
0.079582
0.171889
-0.058187
0.983396

0.767607
-0.246587
0.476575

Frame 12
0.978806
0.128981
-0.159071
-0.117921
0.990021
0.077151
0.167435
-0.056758
0.984248

0.747030
-0.239194
0.456417

Frame 13
0.979860
0.126049
-0.154873
-0.115555
0.990463
0.075029
0.162853
-0.055621
0.985081

0.727512
-0.230733
0.435396

Frame 14
0.980795
0.124079
-0.150483
-0.113941
0.990709
0.074253
0.158298
-0.055681
0.985820

0.708900
-0.232034
0.418181

Frame 15
0.981966
0.119954
-0.146131
-0.110454
0.991306
0.071507
0.153438
-0.054077
0.986677

0.686807
-0.219880
0.403713

Frame 16
0.983059
0.115690
-0.142161
-0.106774
0.991897
0.068848
0.148974
-0.052502
0.987446

0.665166
-0.207747
0.375678

Frame 17
0.984164
0.111585
-0.137729
-0.103168
0.992416
0.066830
0.144142
-0.051563
0.988213

0.638510
-0.198887
0.351657

Frame 18
0.984704
0.111071
-0.134245
-0.102632
0.992376
0.068246
0.140802
-0.053424
0.988595

0.622832
-0.215989
0.316132

Frame 19
0.985955
0.105659
-0.129338
-0.097853
0.993056
0.065309
0.135341
-0.051736
0.989447

0.593826
-0.199582
0.311619

Frame 20
0.986797
0.102074
-0.125747
-0.094743
0.993508
0.062971
0.131358
-0.050226
0.990062

0.574234
-0.190713
0.306592

Frame 21
0.987784
0.097042
-0.121922
-0.090322
0.994134
0.059500
0.126981
-0.047761
0.990755

0.553652
-0.174727
0.298426

Frame 22
0.988613
0.093670
-0.117775
-0.087322
0.994492
0.057963
0.122556
-0.047019
0.991347

0.527079
-0.174630
0.286965

Frame 23
0.989317
0.089810
-0.114833
-0.084015
0.994981
0.054357
0.119138
-0.044128
0.991897

0.507575
-0.165297
0.267062

Frame 24
0.990065
0.086726
-0.110677
-0.081247
0.995278
0.053102
0.114760
-0.043583
0.992437

0.479694
-0.170958
0.251893

Frame 25
0.990736
0.082617
-0.107778
-0.077644
0.995749
0.049555
0.111414
-0.040728
0.992939

0.463058
-0.163445
0.232889

Frame 26
0.991458
0.080425
-0.102678
-0.075678
0.995912
0.049327
0.106226
-0.041135
0.993491

0.439962
-0.175485
0.221228

Frame 27
0.992195
0.077744
-0.097496
-0.073394
0.996174
0.047443
0.100811
-0.039917
0.994104

0.420661
-0.178646
0.213740

Frame 28
0.993065
0.073121
-0.092058
-0.069364
0.996648
0.043372
0.094921
-0.036686
0.994809

0.402330
-0.166104
0.198973

Frame 29
0.993852
0.069238
-0.086399
-0.065784
0.996941
0.042203
0.089056
-0.036260
0.995366

0.384640
-0.168384
0.188476

Frame 30
0.994376
0.066526
-0.082405
-0.063522
0.997235
0.038558
0.084742
-0.033107
0.995853

0.370667
-0.156716
0.183933

Frame 31
0.994926
0.064044
-0.077591
-0.061311
0.997428
0.037114
0.079768
-0.032169
0.996294

0.351992
-0.161917
0.179059

Frame 32
0.995426
0.060458
-0.073966
-0.058106
0.997747
0.033547
0.075827
-0.029096
0.996696

0.340442
-0.152370
0.165591

Frame 33
0.995782
0.057767
-0.071280
-0.055663
0.997963
0.031165
0.072935
-0.027066
0.996969

0.331157
-0.148518
0.150465

Frame 34
0.996105
0.054848
-0.069036
-0.052965
0.998181
0.028814
0.070491
-0.025045
0.997198

0.319227
-0.140207
0.145299

Frame 35
0.996400
0.052413
-0.066638
-0.050730
0.998355
0.026699
0.067927
-0.023223
0.997420

0.303645
-0.133584
0.135591

Frame 36
0.996775
0.051314
-0.061697
-0.049754
0.998408
0.026565
0.062962
-0.023410
0.997741

0.280289
-0.138802
0.115666

Frame 37
0.997241
0.048723
-0.056012
-0.047250
0.998509
0.027321
0.057259
-0.024599
0.998056

0.259762
-0.141382
0.115242

Frame 38
0.997510
0.046676
-0.052875
-0.045477
0.998685
0.023657
0.053909
-0.021193
0.998321

0.252731
-0.118896
0.120561

Frame 39
0.997885
0.044818
-0.047087
-0.043773
0.998777
0.022988
0.048060
-0.020878
0.998626

0.230972
-0.108809
0.120631

Frame 40
0.998152
0.043227
-0.042707
-0.042340
0.998873
0.021445
0.043586
-0.019598
0.998857

0.216814
-0.097023
0.099041

Frame 41
0.998451
0.040689
-0.037942
-0.039863
0.998956
0.022292
0.038809
-0.020745
0.999031

0.195750
-0.096063
0.102117

Frame 42
0.998583
0.039043
-0.036149
-0.038327
0.999059
0.020298
0.036907
-0.018884
0.999140

0.188516
-0.081956
0.097249

Frame 43
0.998759
0.037850
-0.032357
-0.037204
0.999101
0.020328
0.033097
-0.019099
0.999270

0.164429
-0.082899
0.083183

Frame 44
0.998923
0.035938
-0.029364
-0.035404
0.999201
0.018518
0.030006
-0.017459
0.999397

0.144954
-0.074759
0.060758

Frame 45
0.999031
0.034423
-0.027433
-0.033950
0.999270
0.017508
0.028016
-0.016560
0.999470

0.127091
-0.068526
0.049525

Frame 46
0.999224
0.030487
-0.024938
-0.030110
0.999428
0.015376
0.025393
-0.014613
0.999571

0.105559
-0.052950
0.047641

Frame 47
0.999411
0.026789
-0.021447
-0.026475
0.999540
0.014788
0.021834
-0.014211
0.999661

0.082494
-0.050124
0.037756

Frame 48
0.999581
0.022880
-0.017739
-0.022662
0.999666
0.012394
0.018017
-0.011987
0.999766

0.060052
-0.040604
0.021974

Frame 49
0.999761
0.016928
-0.013865
-0.016806
0.999820
0.008841
0.014012
-0.008606
0.999865

0.036411
-0.034383
0.017627

Frame 50
0.999857
0.013828
-0.009697
-0.013762
0.999882
0.006843
0.009790
-0.006708
0.999930

0.015469
-0.043671
0.010041

Frame 51
0.999966
0.006626
-0.004983
-0.006619
0.999977
0.001422
0.004992
-0.001389
0.999987

-0.007272
-0.028334
0.008929

Frame 52
1.000000
0.000178
-0.000488
-0.000180
0.999991
-0.004134
0.000487
0.004134
0.999991

-0.034686
-0.009366
0.002303

Frame 53
0.999977
-0.005622
0.003830
0.005650
0.999957
-0.007356
-0.003789
0.007378
0.999966

-0.058978
0.000022
0.005570

Frame 54
0.999923
-0.008327
0.009158
0.008400
0.999933
-0.007932
-0.009091
0.008008
0.999927

-0.080754
-0.009784
0.004583

Frame 55
0.999780
-0.014430
0.015226
0.014620
0.999816
-0.012457
-0.015043
0.012677
0.999806

-0.106774
0.013147
0.013355

Frame 56
0.999629
-0.017088
0.021227
0.017390
0.999749
-0.014109
-0.020980
0.014473
0.999675

-0.136995
0.022280
0.006318

Frame 57
0.999466
-0.020774
0.025211
0.021141
0.999673
-0.014369
-0.024905
0.014895
0.999579

-0.163871
0.027400
0.013747

Frame 58
0.999284
-0.023865
0.029352
0.024340
0.999576
-0.015960
-0.028958
0.016663
0.999442

-0.191100
0.036218
0.018947

Frame 59
0.999067
-0.026432
0.034145
0.026998
0.999504
-0.016221
-0.033700
0.017128
0.999285

-0.221900
0.037633
0.022948

Frame 60
0.998840
-0.029194
0.038293
0.029908
0.999386
-0.018229
-0.037737
0.019353
0.999100

-0.251334
0.048923
0.024426

Frame 61
0.998582
-0.031240
0.043096
0.032051
0.999319
-0.018272
-0.042495
0.019628
0.998904

-0.287288
0.046472
0.020073

Frame 62
0.998367
-0.033092
0.046555
0.033982
0.999252
-0.018448
-0.045910
0.020000
0.998745

-0.319017
0.043380
0.013355

Frame 63
0.998114
-0.034370
0.050869
0.035376
0.999193
-0.019012
-0.050174
0.020776
0.998524

-0.361878
0.042900
0.014395

Frame 64
0.997864
-0.035979
0.054516
0.037068
0.999130
-0.019107
-0.053782
0.021087
0.998330

-0.397875
0.043649
0.016838

Frame 65
0.997626
-0.037029
0.058067
0.038231
0.999074
-0.019723
-0.057283
0.021896
0.998118

-0.430546
0.047116
0.019375

Frame 66
0.997333
-0.038338
0.062111
0.039711
0.998990
-0.021018
-0.061243
0.023428
0.997848

-0.467376
0.052905
0.021390

Frame 67
0.997007
-0.039147
0.066667
0.040636
0.998950
-0.021134
-0.065770
0.023780
0.997551

-0.505043
0.052499
0.020907

Frame 68
0.996650
-0.040429
0.071100
0.042102
0.998867
-0.022187
-0.070122
0.025106
0.997222

-0.534978
0.058030
0.024330

Frame 69
0.996284
-0.041004
0.075747
0.042794
0.998838
-0.022168
-0.074750
0.025327
0.996881

-0.567580
0.058062
0.030468

Frame 70
0.995824
-0.042022
0.081045
0.044085
0.998743
-0.023843
-0.079941
0.027316
0.996425

-0.607701
0.064860
0.037916

Frame 71
0.995397
-0.043072
0.085611
0.045352
0.998662
-0.024864
-0.084425
0.028632
0.996018

-0.641582
0.067216
0.031903

Frame 72
0.995029
-0.043800
0.089439
0.046137
0.998641
-0.024230
-0.088256
0.028236
0.995698

-0.667889
0.063535
0.031148

Frame 73
0.994712
-0.043800
0.092894
0.046131
0.998668
-0.023098
-0.091759
0.027261
0.995408

-0.686812
0.052072
0.043458

Frame 74
0.994246
-0.044372
0.097501
0.046784
0.998650
-0.022591
-0.096367
0.027022
0.994979

-0.713500
0.042661
0.052488

Frame 75
0.993721
-0.045407
0.102256
0.048199
0.998525
-0.025004
-0.100970
0.029776
0.994444

-0.739763
0.048855
0.043742

Frame 76
0.993779
-0.046587
0.101160
0.049153
0.998526
-0.023030
-0.099938
0.027859
0.994604

-0.735176
0.022058
0.000187

Frame 77
0.993502
-0.047396
0.103473
0.050388
0.998378
-0.026499
-0.102049
0.031540
0.994279

-0.766913
0.021345
-0.018936

Frame 78
0.993124
-0.048015
0.106763
0.051430
0.998242
-0.029462
-0.105161
0.034750
0.993848

-0.809500
0.021005
-0.020526

Frame 79
0.993066
-0.049285
0.106728
0.052948
0.998092
-0.031765
-0.104959
0.037196
0.993781

-0.827100
0.019702
-0.016414

Frame 80
0.992698
-0.051496
0.109081
0.055644
0.997825
-0.035332
-0.107025
0.041144
0.993405

-0.856865
0.033887
-0.014051

Frame 81
0.992514
-0.052172
0.110425
0.056284
0.997820
-0.034453
-0.108387
0.040410
0.993287

-0.874984
0.021999
-0.038051

Frame 82
0.991905
-0.055427
0.114247
0.060180
0.997442
-0.038582
-0.111817
0.045145
0.992703

-0.911019
0.050318
-0.039514

Frame 83
0.991543
-0.057295
0.116446
0.062311
0.997259
-0.039897
-0.113841
0.046815
0.992395

-0.938255
0.059531
-0.051724

Frame 84
0.991030
-0.059508
0.119661
0.064742
0.997087
-0.040335
-0.116912
0.047721
0.991995

-0.974933
0.067896
-0.051503

Frame 85
0.990658
-0.061137
0.121896
0.066522
0.996958
-0.040604
-0.119042
0.048333
0.991712

-1.005568
0.073340
-0.074703

Frame 86
0.989969
-0.063549
0.126185
0.069303
0.996722
-0.041743
-0.123119
0.050069
0.991128

-1.049400
0.087397
-0.078251

Frame 87
0.989310
-0.066039
0.130021
0.072117
0.996486
-0.042597
-0.126751
0.051518
0.990596

-1.087148
0.099303
-0.075083

Frame 88
0.988608
-0.068706
0.133918
0.074846
0.996337
-0.041360
-0.130585
0.050912
0.990129

-1.125254
0.098596
-0.079151

Frame 89
0.987696
-0.072887
0.138365
0.079564
0.995887
-0.043348
-0.134636
0.053823
0.989432

-1.164717
0.117027
-0.076899

Frame 90
0.986834
-0.076389
0.142557
0.083266
0.995603
-0.042910
-0.138653
0.054215
0.988856

-1.203403
0.118807
-0.070364

Frame 91
0.985856
-0.080230
0.147144
0.087431
0.995236
-0.043133
-0.142982
0.055388
0.988174

-1.244209
0.126356
-0.061296

Frame 92
0.984866
-0.083926
0.151644
0.091299
0.994924
-0.042316
-0.147323
0.055521
0.987529

-1.284312
0.129548
-0.054522

Frame 93
0.983922
-0.086919
0.156019
0.094656
0.994588
-0.042846
-0.151451
0.056925
0.986824

-1.323973
0.140293
-0.049499

Frame 94
0.982941
-0.089213
0.160838
0.097069
0.994406
-0.041648
-0.156223
0.056550
0.986102

-1.359506
0.134382
-0.043681

Frame 95
0.981715
-0.092710
0.166256
0.100875
0.994040
-0.041342
-0.161432
0.057357
0.985216

-1.392335
0.133726
-0.041520

Frame 96
0.980447
-0.096524
0.171482
0.105036
0.993612
-0.041255
-0.166405
0.058460
0.984323

-1.417833
0.130843
-0.038342

Frame 97
0.978840
-0.100356
0.178327
0.109426
0.993118
-0.041752
-0.172910
0.060382
0.983085

-1.453377
0.128705
-0.024793

Frame 98
0.977204
-0.104039
0.185062
0.113670
0.992622
-0.042190
-0.179307
0.062264
0.981821

-1.487379
0.127673
-0.020653

Frame 99
0.976194
-0.107630
0.188310
0.117415
0.992212
-0.041571
-0.182370
0.062692
0.981229

-1.499928
0.120646
-0.030821

Frame 100
0.974715
-0.111301
0.193760
0.121679
0.991660
-0.042471
-0.187417
0.064973
0.980129

-1.545741
0.120893
-0.025998

Frame 101
0.973286
-0.113021
0.199853
0.123718
0.991435
-0.041829
-0.193413
0.065437
0.978933

-1.596207
0.114204
-0.014205

Frame 102
0.972943
-0.115666
0.200007
0.126001
0.991235
-0.039697
-0.193662
0.063824
0.978990

-1.594401
0.100763
-0.038935

Frame 103
0.971292
-0.118157
0.206475
0.129259
0.990759
-0.041087
-0.199712
0.066596
0.977589

-1.635106
0.112470
-0.020907

Frame 104
0.969908
-0.120533
0.211541
0.131989
0.990409
-0.040849
-0.204589
0.067541
0.976515

-1.666936
0.110123
-0.006944

Frame 105
0.968324
-0.123537
0.216997
0.135588
0.989896
-0.041496
-0.209678
0.069604
0.975290

-1.703067
0.114178
0.005213

Frame 106
0.967278
-0.125968
0.220241
0.137955
0.989636
-0.039856
-0.212938
0.068935
0.974631

-1.722567
0.104564
0.010934

Frame 107
0.965892
-0.128614
0.224747
0.141083
0.989179
-0.040262
-0.217136
0.070596
0.973585

-1.747791
0.106714
0.027754

Frame 108
0.964911
-0.130901
0.227621
0.143427
0.988880
-0.039316
-0.219943
0.070583
0.972956

-1.765728
0.095266
0.031564

Frame 109
0.963613
-0.133573
0.231533
0.146627
0.988381
-0.040039
-0.223494
0.072531
0.972003

-1.797640
0.097376
0.041436

Frame 110
0.962277
-0.135535
0.235909
0.148931
0.988045
-0.039841
-0.227688
0.073472
0.970958

-1.836973
0.095507
0.051188

Frame 111
0.961377
-0.136813
0.238823
0.150352
0.987849
-0.039339
-0.230539
0.073727
0.970266

-1.863062
0.090603
0.058582

Frame 112
0.960586
-0.137547
0.241567
0.151229
0.987731
-0.038950
-0.233246
0.073947
0.969602

-1.888906
0.086282
0.066618

Frame 113
0.959612
-0.137636
0.245357
0.151543
0.987695
-0.038639
-0.237020
0.074261
0.968662

-1.921458
0.082062
0.080388

Frame 114
0.958667
-0.138645
0.248464
0.152783
0.987511
-0.038451
-0.240029
0.074823
0.967878

-1.948676
0.082372
0.101819

Frame 115
0.957647
-0.139652
0.251812
0.153949
0.987352
-0.037899
-0.243335
0.075060
0.967034

-1.977037
0.074844
0.120270

Frame 116
0.956578
-0.141274
0.254951
0.155634
0.987123
-0.036956
-0.246447
0.075030
0.966248

-2.001106
0.063077
0.133891

Frame 117
0.955438
-0.143451
0.257991
0.158073
0.986744
-0.036742
-0.249300
0.075887
0.965449

-2.022644
0.058477
0.149302

Frame 118
0.954136
-0.145709
0.261520
0.160724
0.986311
-0.036855
-0.252570
0.077197
0.964494

-2.049235
0.056830
0.165354

Frame 119
0.952911
-0.147420
0.265004
0.162509
0.986057
-0.035819
-0.256028
0.077198
0.963582

-2.078816
0.046291
0.175531

Frame 120
0.952042
-0.149472
0.266972
0.164408
0.985794
-0.034364
-0.258043
0.076608
0.963091

-2.092599
0.031886
0.181583

Frame 121
0.950636
-0.151611
0.270748
0.166440
0.985515
-0.032536
-0.261893
0.075993
0.962100

-2.117632
0.018300
0.207210

Frame 122
0.948895
-0.154120
0.275401
0.169579
0.984961
-0.033081
-0.266161
0.078092
0.960760

-2.151011
0.017683
0.236965

Frame 123
0.947421
-0.156855
0.278910
0.172576
0.984458
-0.032573
-0.269466
0.078993
0.959765

-2.178026
0.012468
0.255682

Frame 124
0.946522
-0.159270
0.280589
0.174763
0.984125
-0.030918
-0.271210
0.078301
0.959330

-2.185809
-0.001232
0.263692

Frame 125
0.944692
-0.161451
0.285465
0.177363
0.983669
-0.030615
-0.275860
0.079553
0.957900

-2.217069
-0.007231
0.296491

Frame 126
0.943762
-0.163859
0.287164
0.179897
0.983222
-0.030191
-0.277399
0.080153
0.957405

-2.229709
-0.013151
0.306250

Frame 127
0.941373
-0.165626
0.293912
0.182502
0.982724
-0.030750
-0.283741
0.082587
0.955338

-2.289572
-0.013093
0.332190

Frame 128
0.939909
-0.166903
0.297851
0.184219
0.982402
-0.030832
-0.287463
0.083849
0.954114

-2.324428
-0.014143
0.355495

Frame 129
0.938862
-0.167852
0.300606
0.184989
0.982305
-0.029267
-0.290375
0.083086
0.953299

-2.346961
-0.026855
0.373147

Frame 130
0.937121
-0.169058
0.305325
0.186677
0.981986
-0.029235
-0.294883
0.084394
0.951799

-2.387162
-0.032946
0.393086

Frame 131
0.936190
-0.170529
0.307357
0.188073
0.981751
-0.028158
-0.296946
0.084166
0.951178

-2.405722
-0.041871
0.402998

Frame 132
0.935462
-0.171654
0.308942
0.188349
0.981789
-0.024812
-0.299057
0.081400
0.950757

-2.416468
-0.069220
0.413354

Frame 133
0.933353
-0.172633
0.314722
0.190124
0.981429
-0.025503
-0.304474
0.083640
0.948841

-2.454425
-0.071213
0.440164

Frame 134
0.931318
-0.174090
0.319904
0.192059
0.981059
-0.025243
-0.309450
0.084950
0.947114

-2.493517
-0.074276
0.455074

Frame 135
0.930282
-0.175261
0.322270
0.193463
0.980787
-0.025076
-0.311684
0.085675
0.946315

-2.512142
-0.078162
0.460998

Frame 136
0.929665
-0.176268
0.323500
0.194385
0.980624
-0.024299
-0.312948
0.085474
0.945916

-2.519525
-0.084919
0.477251

Frame 137
0.929303
-0.177354
0.323947
0.195674
0.980360
-0.024601
-0.313222
0.086250
0.945755

-2.536303
-0.085908
0.476227

Frame 138
0.926806
-0.179078
0.330093
0.198789
0.979680
-0.026660
-0.318611
0.090328
0.943572

-2.605080
-0.071012
0.493972

Frame 139
0.925307
-0.179994
0.333780
0.200594
0.979274
-0.028005
-0.321821
0.092868
0.942235

-2.651712
-0.061397
0.501582

Frame 140
0.924534
-0.180293
0.335755
0.201352
0.979099
-0.028689
-0.323565
0.094129
0.941512

-2.681615
-0.056893
0.499993

Frame 141
0.923409
-0.180852
0.338539
0.203049
0.978677
-0.031019
-0.325711
0.097383
0.940441

-2.717623
-0.040076
0.503740

Frame 142
0.922697
-0.180903
0.340446
0.203094
0.978688
-0.030390
-0.327693
0.097183
0.939773

-2.745199
-0.040124
0.500745

Frame 143
0.922051
-0.181439
0.341909
0.204064
0.978464
-0.031079
-0.328907
0.098428
0.939219

-2.768275
-0.034164
0.496780

Frame 144
0.922050
-0.181646
0.341802
0.204094
0.978474
-0.030569
-0.328892
0.097946
0.939275

-2.772891
-0.038497
0.482316

Frame 145
0.919230
-0.182743
0.348741
0.206991
0.977778
-0.033235
-0.334918
0.102737
0.936630

-2.831689
-0.016806
0.501528

Frame 146
0.918581
-0.183350
0.350131
0.207568
0.977678
-0.032589
-0.336340
0.102611
0.936134

-2.852358
-0.018945
0.491531

Frame 147
0.917319
-0.184268
0.352947
0.209204
0.977298
-0.033494
-0.338763
0.104562
0.935044

-2.884003
-0.014542
0.483766

Frame 148
0.916157
-0.185511
0.355306
0.211425
0.976761
-0.035176
-0.340523
0.107348
0.934088

-2.911781
-0.000928
0.470766

Frame 149
0.913224
-0.187152
0.361935
0.215049
0.975864
-0.037997
-0.346088
0.112533
0.931429

-2.981872
0.022363
0.474974

Frame 150
0.911762
-0.189160
0.364566
0.217246
0.975407
-0.037219
-0.348559
0.113135
0.930434

-3.011712
0.018554
0.468284

Frame 151
0.910316
-0.191402
0.367002
0.220280
0.974694
-0.038052
-0.350431
0.115482
0.929442

-3.034356
0.022834
0.462224

Frame 152
0.908426
-0.194343
0.370127
0.224007
0.973828
-0.038465
-0.352965
0.117853
0.928185

-3.067022
0.026080
0.450481

Frame 153
0.904209
-0.198058
0.378390
0.230021
0.972333
-0.040723
-0.359855
0.123860
0.924750

-3.148401
0.044365
0.455586

Frame 154
0.902869
-0.201043
0.380013
0.233591
0.971468
-0.041039
-0.360920
0.125821
0.924070

-3.173138
0.047068
0.440808

Frame 155
0.901309
-0.203871
0.382202
0.236698
0.970744
-0.040374
-0.362790
0.126856
0.923196

-3.194035
0.043836
0.429669

Frame 156
0.899259
-0.206497
0.385607
0.240385
0.969801
-0.041252
-0.365443
0.129791
0.921741

-3.227616
0.050472
0.418248

Frame 157
0.896308
-0.209156
0.391006
0.245185
0.968478
-0.043983
-0.369482
0.135292
0.919336

-3.281999
0.071774
0.418552

Frame 158
0.895003
-0.211272
0.392853
0.247676
0.967854
-0.043758
-0.370980
0.136464
0.918560

-3.309411
0.076678
0.406066

Frame 159
0.893504
-0.213624
0.394988
0.250849
0.967005
-0.044454
-0.372459
0.138802
0.917610

-3.333251
0.084967
0.398243

Frame 160
0.891162
-0.216147
0.398887
0.254150
0.966151
-0.044268
-0.375817
0.140827
0.915931

-3.366135
0.087252
0.399633

Frame 161
0.888863
-0.218930
0.402483
0.257555
0.965273
-0.043737
-0.378931
0.142537
0.914382

-3.396681
0.084895
0.397188

Frame 162
0.886267
-0.222021
0.406494
0.262487
0.963845
-0.045855
-0.381617
0.147339
0.912502

-3.436515
0.104293
0.399791

Frame 163
0.883796
-0.223925
0.410808
0.265922
0.962835
-0.047268
-0.384956
0.151018
0.910496

-3.478679
0.115782
0.406609

Frame 164
0.881966
-0.225850
0.413675
0.268791
0.962009
-0.047852
-0.387152
0.153396
0.909166

-3.518946
0.127268
0.406438

Frame 165
0.880157
-0.229038
0.415771
0.272886
0.960829
-0.048381
-0.388404
0.156041
0.908181

-3.549734
0.141701
0.405695

Frame 166
0.878203
-0.232089
0.418205
0.276096
0.959979
-0.047029
-0.390553
0.156766
0.907135

-3.579675
0.139512
0.403304

Frame 167
0.875583
-0.235862
0.421574
0.280830
0.958609
-0.046945
-0.393051
0.159495
0.905578

-3.613537
0.143886
0.413120

Frame 168
0.873828
-0.239760
0.423012
0.284618
0.957575
-0.045198
-0.394229
0.159892
0.904996

-3.625932
0.136129
0.406730

Frame 169
0.870682
-0.243501
0.427341
0.289141
0.956264
-0.044224
-0.397883
0.162067
0.903008

-3.655676
0.132420
0.412465

Frame 170
0.867711
-0.247393
0.431132
0.293453
0.955024
-0.042599
-0.401202
0.163480
0.901283

-3.678144
0.121077
0.424223

Frame 171
0.863965
-0.250921
0.436580
0.297791
0.953744
-0.041154
-0.406060
0.165565
0.898723

-3.711925
0.110983
0.442485

Frame 172
0.860505
-0.254110
0.441541
0.301960
0.952467
-0.040327
-0.410306
0.168030
0.896334

-3.743122
0.104041
0.447187

Frame 173
0.858435
-0.257820
0.443416
0.305855
0.951279
-0.039010
-0.411755
0.169109
0.895466

-3.750907
0.095476
0.447740

Frame 174
0.855482
-0.261189
0.447136
0.309797
0.950053
-0.037757
-0.414941
0.170822
0.893669

-3.768030
0.086328
0.464110

Frame 175
0.852263
-0.264354
0.451403
0.313213
0.949016
-0.035586
-0.418981
0.171713
0.891611

-3.789557
0.071541
0.481268

Frame 176
0.848312
-0.267617
0.456890
0.317491
0.947636
-0.034424
-0.423753
0.174260
0.888857

-3.823477
0.065709
0.496526

Frame 177
0.844168
-0.272391
0.461718
0.324663
0.945144
-0.036000
-0.426584
0.180293
0.886296

-3.851359
0.077479
0.519283

Frame 178
0.839198
-0.274822
0.469276
0.327917
0.944112
-0.033508
-0.433841
0.182004
0.882415

-3.895459
0.063846
0.553025

Frame 179
0.836350
-0.276902
0.473121
0.330025
0.943456
-0.031222
-0.437724
0.182254
0.880444

-3.909069
0.049083
0.565290

Frame 180
0.833611
-0.279169
0.476611
0.332794
0.942522
-0.029998
-0.440842
0.183620
0.878602

-3.918683
0.038586
0.579604

Frame 181
0.829617
-0.280944
0.482500
0.335943
0.941421
-0.029466
-0.445958
0.186538
0.875400

-3.947099
0.032812
0.603485

Frame 182
0.826156
-0.282882
0.487283
0.338507
0.940550
-0.027900
-0.450422
0.187998
0.872798

-3.972248
0.021656
0.619406

Frame 183
0.823860
-0.285384
0.489705
0.341888
0.939330
-0.027769
-0.452070
0.190302
0.871446

-3.982580
0.020596
0.634043

Frame 184
0.821862
-0.288008
0.491522
0.345825
0.937860
-0.028705
-0.452712
0.193572
0.870392

-3.988747
0.026601
0.643891

Frame 185
0.816890
-0.290858
0.498089
0.352931
0.935075
-0.032790
-0.456213
0.202577
0.866506

-4.024877
0.059334
0.681236

Frame 186
0.811152
-0.292960
0.506170
0.351842
0.935796
-0.022219
-0.467162
0.196114
0.862148

-4.065923
-0.010642
0.715446

Frame 187
0.805028
-0.294892
0.514752
0.356701
0.933940
-0.022813
-0.474020
0.201977
0.857036

-4.118209
-0.003329
0.755054

Frame 188
0.803700
-0.297556
0.515293
0.361307
0.932104
-0.025284
-0.472783
0.206499
0.856641

-4.107947
0.018915
0.748717

Frame 189
0.801411
-0.298927
0.518057
0.364204
0.930949
-0.026236
-0.474443
0.209704
0.854943

-4.117435
0.037270
0.756381

Frame 190
0.793222
-0.300753
0.529478
0.369077
0.929057
-0.025202
-0.484335
0.215409
0.847949

-4.186108
0.034084
0.834402

Frame 191
0.780455
-0.302958
0.546906
0.368590
0.929526
-0.011081
-0.505006
0.210233
0.837120

-4.291158
-0.061132
0.936043

Frame 192
0.773955
-0.306216
0.554278
0.373129
0.927741
-0.008472
-0.511633
0.213374
0.832288

-4.327417
-0.076120
0.978395

Frame 193
0.767001
-0.310009
0.561786
0.377936
0.925818
-0.005100
-0.518530
0.216231
0.827267

-4.373126
-0.092572
1.026295

Frame 194
0.760384
-0.314541
0.568225
0.383880
0.923379
-0.002563
-0.523882
0.220079
0.822869

-4.418127
-0.105589
1.062123

Frame 195
0.755442
-0.319003
0.572315
0.387938
0.921684
0.001669
-0.528026
0.220762
0.820032

-4.449133
-0.126516
1.086012

Frame 196
0.748887
-0.323706
0.578258
0.393392
0.919356
0.005180
-0.533302
0.223603
0.815837

-4.499370
-0.149802
1.114862

Frame 197
0.743212
-0.328411
0.582909
0.398321
0.917203
0.008891
-0.537566
0.225576
0.812489

-4.538334
-0.170133
1.154503

Frame 198
0.736423
-0.332911
0.588941
0.403773
0.914778
0.012212
-0.542816
0.228805
0.808084

-4.585706
-0.190534
1.196064

Frame 199
0.730173
-0.337075
0.594330
0.406678
0.913386
0.018398
-0.549054
0.228267
0.804011

-4.618162
-0.228440
1.234662

Frame 200
0.721144
-0.340526
0.603319
0.412279
0.910809
0.021285
-0.556757
0.233386
0.797216

-4.671411
-0.247971
1.302561

Frame 201
0.714603
-0.344835
0.608630
0.413952
0.909822
0.029454
-0.563902
0.230896
0.792907

-4.700876
-0.302511
1.339264

Frame 202
0.707136
-0.348177
0.615412
0.418373
0.907683
0.032803
-0.570020
0.234275
0.787523

-4.749508
-0.324529
1.383261

Frame 203
0.701888
-0.351172
0.619703
0.422653
0.905635
0.034498
-0.573339
0.237705
0.784078

-4.778927
-0.333040
1.417030

Frame 204
0.696014
-0.353942
0.624731
0.424733
0.904468
0.039231
-0.578935
0.238039
0.779854

-4.814721
-0.364767
1.457391

Frame 205
0.690495
-0.356241
0.629531
0.427550
0.903013
0.042046
-0.583453
0.240124
0.775837

-4.847222
-0.386326
1.497450

Frame 206
0.685048
-0.358145
0.634382
0.431116
0.901259
0.043265
-0.587238
0.243853
0.771808

-4.877765
-0.396366
1.532431

Frame 207
0.680010
-0.359941
0.638772
0.432531
0.900398
0.046910
-0.592034
0.244389
0.767965

-4.899593
-0.416517
1.577405

Frame 208
0.673311
-0.361131
0.645164
0.433754
0.899594
0.050871
-0.598757
0.245590
0.762349

-4.938522
-0.440692
1.631520

Frame 209
0.668586
-0.362733
0.649167
0.435153
0.898735
0.054014
-0.603022
0.246374
0.758726

-4.963598
-0.461753
1.666150

Frame 210
0.663225
-0.363964
0.653959
0.436005
0.898096
0.057656
-0.608303
0.246890
0.754329

-5.001422
-0.482477
1.699041

Frame 211
0.660284
-0.364471
0.656647
0.438079
0.897100
0.057429
-0.610009
0.249744
0.752008

-5.020795
-0.478022
1.733579

Frame 212
0.655557
-0.365607
0.660740
0.437710
0.896973
0.062046
-0.615350
0.248538
0.748046

-5.058363
-0.509598
1.764024

Frame 213
0.652102
-0.365234
0.664355
0.440204
0.895862
0.060421
-0.617238
0.253051
0.744971

-5.087203
-0.497191
1.797713

Frame 214
0.648328
-0.365989
0.667625
0.440965
0.895338
0.062601
-0.620662
0.253814
0.741861

-5.109704
-0.514440
1.831998

Frame 215
0.643446
-0.365863
0.672400
0.443020
0.894319
0.062670
-0.624268
0.257562
0.737530

-5.141872
-0.517756
1.877930

Frame 216
0.639588
-0.366740
0.675596
0.444262
0.893573
0.064484
-0.627343
0.258898
0.734447

-5.164372
-0.531449
1.904724

Frame 217
0.635673
-0.367820
0.678696
0.445245
0.892907
0.066892
-0.630616
0.259664
0.731367

-5.187421
-0.549359
1.927219

Frame 218
0.631977
-0.369209
0.681389
0.446681
0.892025
0.069052
-0.633310
0.260724
0.728657

-5.204913
-0.567540
1.951611

Frame 219
0.628361
-0.370119
0.684233
0.448175
0.891164
0.070475
-0.635848
0.262372
0.725850

-5.222198
-0.577728
1.977829

Frame 220
0.624146
-0.371251
0.687470
0.449609
0.890272
0.072575
-0.638979
0.263795
0.722578

-5.243931
-0.593572
2.003820

Frame 221
0.620494
-0.372459
0.690117
0.451182
0.889333
0.074313
-0.641422
0.265257
0.719872

-5.262993
-0.607735
2.025647

Frame 222
0.617228
-0.373545
0.692455
0.452584
0.888488
0.075878
-0.643582
0.266560
0.717460

-5.278607
-0.620200
2.048970

Frame 223
0.614156
-0.374342
0.694752
0.453550
0.887858
0.077456
-0.645837
0.267535
0.715066

-5.294428
-0.632807
2.068726

Frame 224
0.610524
-0.375071
0.697554
0.454762
0.887105
0.078968
-0.648422
0.269010
0.712167

-5.312981
-0.644986
2.093383

Frame 225
0.607549
-0.376101
0.699594
0.455770
0.886428
0.080738
-0.650506
0.269802
0.709964

-5.325627
-0.658448
2.111521

Frame 226
0.603707
-0.376462
0.702720
0.457305
0.885563
0.081544
-0.653001
0.272129
0.706778

-5.345043
-0.664215
2.138403

Frame 227
0.600524
-0.378046
0.704593
0.457234
0.885248
0.085276
-0.655978
0.270954
0.704469

-5.355879
-0.688951
2.154361

Frame 228
0.596802
-0.378769
0.707362
0.458258
0.884549
0.087014
-0.658655
0.272225
0.701475

-5.370665
-0.700999
2.177944

Frame 229
0.593101
-0.379184
0.710247
0.459548
0.883775
0.088074
-0.661095
0.274156
0.698422

-5.384786
-0.708118
2.201057

Frame 230
0.589681
-0.379715
0.712807
0.460266
0.883234
0.089740
-0.663650
0.275163
0.695596

-5.399674
-0.719108
2.218107

Frame 231
0.587017
-0.380136
0.714778
0.460924
0.882768
0.090940
-0.665553
0.276076
0.693413

-5.413452
-0.729135
2.228343

Frame 232
0.584952
-0.380931
0.716047
0.461407
0.882356
0.092475
-0.667035
0.276295
0.691900

-5.421360
-0.739503
2.231525

Frame 233
0.582799
-0.382299
0.717073
0.460577
0.882401
0.096109
-0.669488
0.274255
0.690340

-5.422472
-0.766357
2.241201

Frame 234
0.579442
-0.380996
0.720478
0.462615
0.881550
0.094116
-0.670995
0.278769
0.687061

-5.435156
-0.751100
2.270868

Frame 235
0.575463
-0.380730
0.723800
0.464342
0.880647
0.094055
-0.673222
0.281966
0.683569

-5.449760
-0.747464
2.290787

Frame 236
0.572238
-0.383486
0.724902
0.461075
0.881442
0.102325
-0.678199
0.275679
0.681210

-5.460683
-0.798262
2.292445

Frame 237
0.570713
-0.383523
0.726083
0.464169
0.880081
0.100021
-0.677372
0.279942
0.680293

-5.468843
-0.784608
2.290201

Frame 238
0.569392
-0.384309
0.726704
0.463645
0.880112
0.102159
-0.678842
0.278764
0.679312

-5.466492
-0.799409
2.288828

Frame 239
0.564987
-0.383418
0.730603
0.465398
0.879258
0.101533
-0.681318
0.282657
0.675212

-5.486264
-0.795188
2.303610

